1.957502
10.087268
4.229541
3.292634
0.160999
9.202748
7.854293
6.208424
2.688782
7.648808

63.483039
43.400492
41.692509
49.243202
52.554781
52.234654
70.624632
49.164285
55.807463
49.662746

641.970313
616.733241
761.007451
465.953464
567.796288
466.147057
449.722146
538.653418
393.169419
626.966240

6280.600529
5192.056700
4631.593797
4132.642616
7319.591243
5203.372414
5685.017064
4526.112574
3935.291512
5350.112476

45529.637749
71690.067856
48262.353019
35015.074456
59526.888459
54164.043817
66299.637576
37656.647006
56370.750139
72405.304279

683940.637959
614865.824406
215816.171037
571232.362789
675993.912673
415191.274910
477266.263646
581836.021830
379468.468555
616909.385529

3306450.796152
6090451.875654
5252811.527395
5849619.010561
6313329.153481
7802276.051433
5431016.877610
6560140.254279
3357556.238801
5712603.118050

64528389.735244
34023702.287702
59332916.825217
37014316.253367
43729728.708402
64752530.435324
58154063.351719
59950250.754577
48038546.921726
79487794.077535

505450187.460276
564898123.035188
330400659.689806
631318132.171756
543015778.236312
781815855.961493
550464027.767084
626444457.770821
401220114.889800
592659048.273059

